id, n_points, hist_0,hist_1,hist_2,hist_3,hist_4,hist_5,hist_6,hist_7,hist_8,hist_9,hist_10,hist_11,hist_12,hist_13,hist_14,hist_15, class
bruno_0, 723, 0.12473, 0.08975, 0.08651, 0.09946, 0.10149, 0.10063, 0.08791, 0.06230, 0.05405, 0.11177, 0.05044, 0.02356, 0.00739, 0.00000, 0.00000, 0.00000, 0
bruno_1, 723, 0.07923, 0.15081, 0.17681, 0.14077, 0.13050, 0.11227, 0.09269, 0.06013, 0.03549, 0.01517, 0.00569, 0.00044, 0.00000, 0.00000, 0.00000, 0.00000, 0
bruno_2, 723, 0.10320, 0.12510, 0.13642, 0.14780, 0.13199, 0.10553, 0.07515, 0.08146, 0.05873, 0.03223, 0.00239, 0.00000, 0.00000, 0.00000, 0.00000, 0.00000, 0
bruno_3, 723, 0.46923, 0.03446, 0.03050, 0.08272, 0.12927, 0.08383, 0.07749, 0.07460, 0.01789, 0.00000, 0.00000, 0.00000, 0.00000, 0.00000, 0.00000, 0.00000, 0
bruno_4, 723, 0.07081, 0.07476, 0.06970, 0.06214, 0.07523, 0.10585, 0.12158, 0.08657, 0.07472, 0.06963, 0.06221, 0.04939, 0.04476, 0.02511, 0.00743, 0.00011, 0
bruno_5, 723, 0.07455, 0.15420, 0.20056, 0.18683, 0.16016, 0.10757, 0.05648, 0.03119, 0.02003, 0.00774, 0.00069, 0.00000, 0.00000, 0.00000, 0.00000, 0.00000, 0
bruno_6, 723, 0.07248, 0.05104, 0.04981, 0.05843, 0.08911, 0.08499, 0.08064, 0.08813, 0.09323, 0.07541, 0.07959, 0.03228, 0.02593, 0.04363, 0.03510, 0.04021, 0
bruno_7, 723, 0.09237, 0.08144, 0.09014, 0.11918, 0.09832, 0.09436, 0.08627, 0.09683, 0.07171, 0.06419, 0.04949, 0.03205, 0.01510, 0.00763, 0.00092, 0.00000, 0
bruno_8, 723, 0.05855, 0.05952, 0.07037, 0.07523, 0.07868, 0.08446, 0.08262, 0.07255, 0.06956, 0.11296, 0.05406, 0.03926, 0.02765, 0.01905, 0.05174, 0.04374, 0
bruno_9, 723, 0.05823, 0.12040, 0.15643, 0.17190, 0.16088, 0.12857, 0.09600, 0.05810, 0.02952, 0.01498, 0.00500, 0.00000, 0.00000, 0.00000, 0.00000, 0.00000, 0
bruno_10, 723, 0.09126, 0.10273, 0.10226, 0.09186, 0.13289, 0.11941, 0.11317, 0.09401, 0.05947, 0.04216, 0.02759, 0.01533, 0.00666, 0.00119, 0.00000, 0.00000, 0
bruno_11, 723, 0.07055, 0.14811, 0.20283, 0.18399, 0.17809, 0.13404, 0.06264, 0.01936, 0.00038, 0.00000, 0.00000, 0.00000, 0.00000, 0.00000, 0.00000, 0.00000, 0
bruno_12, 723, 0.05280, 0.10217, 0.12642, 0.14960, 0.14825, 0.13684, 0.10128, 0.06926, 0.04880, 0.03135, 0.01836, 0.00992, 0.00401, 0.00093, 0.00000, 0.00000, 0
bruno_13, 723, 0.05545, 0.10129, 0.14611, 0.16702, 0.16158, 0.13259, 0.08536, 0.06003, 0.04026, 0.02497, 0.01547, 0.00729, 0.00249, 0.00008, 0.00000, 0.00000, 0
bruno_14, 723, 0.06950, 0.08024, 0.11073, 0.12313, 0.12227, 0.12477, 0.11354, 0.06590, 0.04434, 0.04234, 0.06253, 0.03025, 0.01036, 0.00008, 0.00000, 0.00000, 0
bruno_15, 723, 0.14836, 0.11166, 0.06724, 0.05754, 0.15747, 0.11931, 0.10077, 0.10735, 0.08411, 0.03749, 0.00871, 0.00000, 0.00000, 0.00000, 0.00000, 0.00000, 0
bruno_16, 723, 0.10688, 0.14312, 0.14086, 0.12990, 0.12081, 0.08094, 0.06990, 0.07270, 0.05916, 0.03525, 0.02205, 0.01296, 0.00548, 0.00000, 0.00000, 0.00000, 0
bruno_17, 723, 0.06104, 0.11126, 0.12206, 0.11009, 0.09095, 0.08332, 0.07725, 0.06546, 0.07135, 0.08519, 0.05137, 0.03822, 0.02637, 0.00608, 0.00000, 0.00000, 0
bruno_18, 723, 0.05582, 0.10419, 0.13403, 0.12011, 0.10267, 0.08957, 0.09980, 0.07612, 0.07118, 0.05352, 0.04049, 0.02608, 0.01455, 0.00847, 0.00324, 0.00018, 0
bruno_19, 723, 0.07544, 0.09981, 0.08795, 0.09174, 0.06327, 0.06639, 0.07010, 0.05995, 0.05476, 0.05174, 0.04336, 0.06621, 0.07790, 0.05535, 0.02829, 0.00775, 0
bruno_20, 723, 0.07549, 0.07750, 0.08831, 0.12530, 0.12146, 0.13625, 0.12617, 0.11680, 0.06701, 0.03982, 0.02144, 0.00446, 0.00000, 0.00000, 0.00000, 0.00000, 0
bruno_21, 723, 0.05965, 0.08483, 0.09955, 0.10068, 0.10303, 0.08667, 0.07798, 0.07426, 0.06455, 0.04787, 0.08618, 0.06782, 0.04690, 0.00005, 0.00000, 0.00000, 0
bruno_22, 723, 0.06363, 0.07349, 0.09412, 0.11305, 0.14531, 0.13450, 0.11687, 0.10052, 0.07173, 0.04550, 0.02438, 0.01266, 0.00389, 0.00035, 0.00000, 0.00000, 0
bruno_23, 723, 0.05699, 0.07511, 0.08671, 0.11579, 0.09191, 0.08868, 0.08318, 0.06609, 0.04913, 0.04102, 0.06321, 0.05179, 0.03501, 0.07266, 0.01977, 0.00293, 0
bruno_24, 723, 0.07529, 0.09834, 0.09580, 0.06795, 0.06913, 0.09558, 0.10315, 0.08681, 0.05486, 0.04682, 0.04218, 0.04015, 0.03879, 0.03710, 0.02782, 0.02022, 0
bruno_25, 723, 0.06801, 0.10630, 0.14281, 0.16325, 0.14985, 0.11741, 0.09011, 0.06611, 0.04861, 0.03179, 0.01311, 0.00257, 0.00006, 0.00000, 0.00000, 0.00000, 0
bruno_26, 723, 0.07307, 0.10326, 0.10187, 0.09293, 0.10309, 0.13083, 0.12157, 0.09146, 0.06439, 0.04365, 0.02966, 0.02285, 0.01443, 0.00634, 0.00059, 0.00000, 0
bruno_27, 723, 0.08232, 0.13253, 0.12873, 0.13724, 0.15039, 0.10962, 0.08369, 0.06095, 0.05007, 0.03337, 0.01997, 0.00959, 0.00153, 0.00000, 0.00000, 0.00000, 0
bruno_28, 723, 0.13484, 0.07213, 0.06549, 0.09517, 0.11750, 0.11072, 0.12501, 0.09426, 0.04597, 0.04136, 0.04344, 0.03480, 0.01778, 0.00152, 0.00000, 0.00000, 0
bruno_29, 723, 0.11152, 0.07589, 0.05697, 0.07585, 0.10945, 0.09529, 0.08163, 0.06555, 0.05665, 0.06327, 0.05789, 0.04193, 0.03520, 0.05320, 0.01955, 0.00016, 0
bruno_30, 723, 0.12437, 0.16807, 0.13901, 0.15579, 0.05611, 0.04948, 0.04738, 0.07128, 0.04847, 0.04155, 0.07283, 0.02565, 0.00000, 0.00000, 0.00000, 0.00000, 0
bruno_31, 723, 0.06174, 0.06475, 0.09917, 0.12290, 0.12359, 0.12388, 0.10471, 0.07818, 0.06004, 0.04710, 0.03477, 0.02692, 0.02394, 0.01507, 0.00849, 0.00476, 0
bruno_32, 723, 0.07577, 0.13502, 0.18133, 0.16109, 0.12613, 0.12367, 0.07267, 0.05564, 0.03752, 0.02180, 0.00926, 0.00011, 0.00000, 0.00000, 0.00000, 0.00000, 0
bruno_33, 723, 0.07149, 0.13729, 0.15380, 0.14495, 0.10344, 0.04788, 0.03993, 0.03779, 0.04121, 0.05995, 0.05474, 0.04239, 0.03344, 0.02231, 0.00867, 0.00072, 0
bruno_34, 723, 0.05514, 0.06290, 0.07342, 0.08653, 0.10403, 0.10606, 0.11619, 0.10149, 0.09041, 0.07813, 0.06862, 0.04428, 0.00887, 0.00329, 0.00063, 0.00000, 0
bruno_35, 723, 0.07393, 0.12000, 0.14589, 0.16276, 0.15448, 0.11581, 0.09022, 0.06727, 0.04316, 0.02058, 0.00521, 0.00068, 0.00000, 0.00000, 0.00000, 0.00000, 0
bruno_36, 723, 0.16560, 0.08011, 0.14861, 0.10398, 0.10846, 0.06220, 0.04908, 0.04422, 0.07521, 0.04918, 0.04467, 0.05833, 0.01035, 0.00000, 0.00000, 0.00000, 0
bruno_37, 723, 0.10331, 0.19477, 0.21175, 0.19835, 0.12158, 0.07787, 0.04736, 0.03131, 0.01343, 0.00028, 0.00000, 0.00000, 0.00000, 0.00000, 0.00000, 0.00000, 0
bruno_38, 723, 0.08366, 0.11191, 0.10687, 0.12180, 0.13482, 0.10124, 0.12448, 0.10983, 0.07829, 0.02624, 0.00086, 0.00000, 0.00000, 0.00000, 0.00000, 0.00000, 0
bruno_39, 723, 0.08828, 0.08978, 0.06099, 0.06051, 0.05678, 0.05332, 0.04901, 0.10402, 0.08328, 0.07318, 0.05954, 0.05141, 0.06541, 0.06644, 0.03487, 0.00319, 0
bruno_40, 723, 0.05710, 0.08696, 0.08981, 0.08901, 0.10801, 0.09415, 0.08069, 0.08440, 0.08237, 0.07886, 0.05751, 0.04446, 0.03729, 0.00939, 0.00000, 0.00000, 0
bruno_41, 723, 0.07511, 0.05712, 0.07392, 0.07001, 0.08050, 0.08700, 0.06385, 0.05609, 0.05475, 0.05767, 0.07477, 0.06691, 0.03724, 0.02292, 0.01740, 0.10474, 0
bruno_42, 723, 0.16881, 0.04615, 0.04208, 0.13807, 0.08671, 0.09171, 0.08695, 0.06458, 0.03970, 0.03872, 0.10795, 0.06515, 0.02342, 0.00000, 0.00000, 0.00000, 0
bruno_43, 723, 0.25879, 0.15337, 0.08176, 0.01152, 0.00928, 0.01372, 0.03036, 0.03933, 0.03676, 0.03610, 0.03274, 0.02938, 0.02894, 0.02892, 0.02882, 0.18022, 0
bruno_44, 723, 0.07816, 0.13922, 0.16166, 0.16424, 0.15730, 0.11240, 0.07353, 0.05220, 0.03131, 0.01703, 0.00956, 0.00338, 0.00000, 0.00000, 0.00000, 0.00000, 0
bruno_45, 723, 0.10473, 0.17757, 0.14878, 0.07537, 0.04321, 0.06318, 0.06967, 0.05634, 0.04829, 0.04355, 0.04037, 0.03843, 0.03526, 0.02903, 0.01886, 0.00734, 0
bruno_46, 723, 0.07679, 0.14508, 0.18252, 0.19185, 0.16098, 0.12554, 0.08428, 0.03082, 0.00214, 0.00000, 0.00000, 0.00000, 0.00000, 0.00000, 0.00000, 0.00000, 0
bruno_47, 723, 0.07521, 0.09563, 0.08565, 0.07519, 0.12948, 0.16142, 0.10766, 0.07426, 0.05441, 0.04513, 0.04197, 0.03336, 0.01650, 0.00411, 0.00001, 0.00000, 0
bruno_48, 723, 0.04989, 0.08254, 0.10189, 0.12742, 0.12176, 0.10775, 0.09548, 0.08457, 0.06313, 0.05829, 0.04638, 0.02792, 0.01769, 0.01044, 0.00460, 0.00026, 0
bruno_49, 723, 0.04493, 0.07796, 0.10234, 0.12835, 0.14625, 0.13487, 0.11925, 0.09326, 0.06497, 0.04382, 0.02434, 0.01356, 0.00557, 0.00053, 0.00000, 0.00000, 0
bruno_50, 723, 0.06023, 0.07609, 0.11086, 0.11726, 0.15150, 0.13386, 0.10576, 0.09696, 0.07016, 0.04096, 0.02148, 0.01117, 0.00356, 0.00015, 0.00000, 0.00000, 0
bruno_51, 723, 0.06236, 0.07497, 0.06867, 0.07480, 0.09959, 0.10031, 0.08041, 0.06829, 0.06086, 0.06065, 0.05723, 0.04894, 0.04515, 0.03905, 0.02950, 0.02922, 0
bruno_52, 723, 0.10293, 0.16751, 0.19049, 0.20811, 0.15448, 0.08431, 0.04802, 0.03065, 0.01187, 0.00162, 0.00000, 0.00000, 0.00000, 0.00000, 0.00000, 0.00000, 0
bruno_53, 723, 0.05603, 0.09109, 0.11113, 0.10936, 0.09749, 0.09689, 0.09202, 0.08396, 0.07470, 0.07816, 0.05065, 0.03164, 0.01765, 0.00923, 0.00000, 0.00000, 0
bruno_54, 723, 0.08571, 0.12823, 0.13756, 0.15235, 0.11078, 0.08986, 0.06910, 0.06262, 0.05480, 0.03746, 0.02799, 0.02158, 0.01540, 0.00618, 0.00038, 0.00000, 0
bruno_55, 723, 0.16335, 0.18756, 0.20819, 0.17997, 0.12354, 0.07077, 0.03661, 0.02426, 0.00575, 0.00000, 0.00000, 0.00000, 0.00000, 0.00000, 0.00000, 0.00000, 0
bruno_56, 723, 0.08609, 0.12024, 0.11669, 0.10155, 0.13049, 0.12020, 0.09868, 0.06781, 0.05100, 0.04240, 0.03418, 0.02026, 0.00852, 0.00187, 0.00000, 0.00000, 0
bruno_57, 723, 0.12532, 0.06414, 0.05439, 0.10217, 0.09730, 0.09082, 0.10592, 0.09955, 0.08506, 0.05354, 0.03065, 0.06002, 0.03113, 0.00000, 0.00000, 0.00000, 0
bruno_58, 723, 0.14954, 0.04178, 0.05154, 0.06368, 0.08913, 0.10785, 0.07546, 0.14712, 0.06852, 0.06221, 0.05423, 0.02397, 0.01849, 0.01848, 0.01849, 0.00952, 0
bruno_59, 723, 0.09155, 0.16094, 0.18160, 0.17302, 0.13585, 0.08873, 0.06011, 0.04570, 0.03150, 0.02121, 0.00870, 0.00107, 0.00000, 0.00000, 0.00000, 0.00000, 0
bruno_60, 723, 0.07079, 0.11735, 0.14275, 0.13775, 0.12785, 0.10493, 0.09082, 0.09550, 0.06084, 0.03323, 0.01597, 0.00221, 0.00000, 0.00000, 0.00000, 0.00000, 0
bruno_61, 723, 0.08710, 0.15816, 0.12779, 0.10621, 0.08730, 0.06880, 0.05313, 0.04067, 0.03808, 0.05488, 0.06511, 0.05439, 0.03644, 0.01752, 0.00441, 0.00000, 0
bruno_62, 723, 0.16299, 0.20958, 0.13251, 0.03597, 0.04311, 0.04131, 0.04021, 0.03873, 0.03751, 0.03424, 0.03101, 0.07026, 0.08729, 0.03529, 0.00000, 0.00000, 0
bruno_63, 723, 0.09968, 0.08489, 0.05355, 0.06403, 0.09266, 0.12773, 0.10560, 0.08546, 0.06514, 0.05131, 0.05028, 0.05205, 0.04225, 0.01997, 0.00539, 0.00000, 0
bruno_64, 723, 0.12997, 0.07296, 0.05378, 0.11672, 0.08995, 0.07624, 0.07547, 0.07723, 0.06216, 0.04078, 0.07080, 0.11264, 0.02130, 0.00000, 0.00000, 0.00000, 0
bruno_65, 723, 0.09608, 0.18988, 0.21630, 0.18411, 0.13073, 0.08400, 0.05409, 0.02873, 0.01280, 0.00328, 0.00001, 0.00000, 0.00000, 0.00000, 0.00000, 0.00000, 0
bruno_66, 723, 0.05424, 0.08795, 0.13248, 0.15825, 0.15137, 0.13865, 0.11834, 0.08796, 0.05403, 0.01464, 0.00208, 0.00001, 0.00000, 0.00000, 0.00000, 0.00000, 0
bruno_67, 723, 0.05676, 0.07816, 0.11739, 0.13510, 0.15080, 0.12042, 0.09485, 0.08326, 0.06390, 0.04622, 0.02801, 0.01545, 0.00945, 0.00021, 0.00000, 0.00000, 0
bruno_68, 723, 0.15764, 0.03690, 0.05079, 0.06149, 0.06305, 0.09799, 0.08300, 0.13519, 0.08740, 0.04818, 0.04741, 0.04416, 0.03136, 0.02483, 0.02322, 0.00739, 0
bruno_69, 723, 0.08021, 0.09504, 0.12331, 0.08790, 0.09396, 0.08229, 0.06790, 0.05047, 0.04452, 0.04239, 0.04071, 0.03501, 0.03457, 0.03418, 0.03183, 0.05570, 0
bruno_70, 723, 0.05353, 0.05489, 0.06300, 0.08427, 0.10142, 0.09475, 0.08698, 0.08939, 0.09894, 0.06946, 0.05359, 0.06161, 0.05830, 0.02252, 0.00724, 0.00012, 0
bruno_71, 723, 0.06223, 0.09393, 0.11005, 0.11468, 0.08051, 0.07574, 0.07173, 0.05936, 0.05046, 0.04510, 0.03997, 0.06779, 0.05944, 0.04415, 0.01903, 0.00583, 0
bruno_72, 723, 0.07900, 0.07424, 0.08745, 0.09951, 0.11429, 0.09299, 0.09612, 0.09579, 0.08215, 0.08101, 0.05711, 0.03116, 0.00918, 0.00000, 0.00000, 0.00000, 0
bruno_73, 723, 0.05623, 0.07349, 0.08595, 0.10587, 0.11478, 0.09279, 0.07767, 0.06449, 0.05513, 0.07468, 0.06956, 0.03090, 0.04559, 0.03138, 0.01644, 0.00506, 0
bruno_74, 723, 0.05333, 0.10966, 0.15652, 0.17151, 0.15318, 0.12672, 0.10179, 0.06667, 0.03199, 0.01850, 0.00830, 0.00185, 0.00000, 0.00000, 0.00000, 0.00000, 0
bruno_75, 723, 0.12852, 0.11848, 0.08546, 0.07393, 0.06139, 0.05137, 0.03610, 0.02932, 0.03682, 0.04197, 0.05618, 0.09772, 0.05841, 0.05309, 0.03931, 0.03193, 0
bruno_76, 723, 0.08335, 0.11199, 0.12249, 0.14977, 0.18927, 0.14295, 0.08147, 0.05479, 0.03926, 0.02052, 0.00415, 0.00000, 0.00000, 0.00000, 0.00000, 0.00000, 0
bruno_77, 723, 0.06213, 0.08589, 0.08531, 0.08570, 0.10391, 0.08618, 0.07855, 0.06875, 0.07616, 0.06877, 0.05581, 0.06257, 0.04382, 0.02444, 0.01100, 0.00103, 0
bruno_78, 723, 0.09347, 0.14817, 0.15440, 0.15579, 0.11721, 0.08291, 0.09561, 0.05919, 0.04341, 0.02723, 0.01554, 0.00708, 0.00000, 0.00000, 0.00000, 0.00000, 0
bruno_79, 723, 0.06174, 0.05818, 0.07988, 0.09699, 0.09330, 0.09927, 0.10411, 0.07125, 0.07745, 0.05811, 0.04717, 0.03223, 0.02120, 0.01476, 0.07330, 0.01106, 0
bruno_80, 723, 0.13085, 0.05769, 0.05890, 0.07185, 0.07595, 0.06962, 0.06603, 0.08650, 0.07473, 0.07753, 0.06000, 0.02870, 0.02287, 0.01538, 0.01359, 0.08982, 0
bruno_81, 723, 0.08514, 0.09637, 0.07270, 0.05840, 0.05068, 0.03754, 0.07404, 0.10344, 0.07945, 0.06326, 0.05724, 0.05673, 0.05845, 0.05007, 0.03278, 0.02372, 0
bruno_82, 723, 0.09232, 0.18246, 0.23366, 0.20445, 0.16418, 0.10185, 0.02068, 0.00040, 0.00000, 0.00000, 0.00000, 0.00000, 0.00000, 0.00000, 0.00000, 0.00000, 0
bruno_83, 723, 0.04984, 0.07861, 0.11486, 0.12074, 0.14119, 0.13300, 0.10509, 0.07879, 0.06091, 0.04541, 0.03247, 0.02086, 0.01146, 0.00497, 0.00167, 0.00012, 0
bruno_84, 723, 0.08188, 0.07816, 0.08826, 0.08192, 0.06302, 0.17211, 0.12576, 0.09378, 0.07201, 0.05878, 0.05311, 0.02303, 0.00726, 0.00092, 0.00000, 0.00000, 0
bruno_85, 723, 0.07424, 0.08796, 0.10337, 0.14211, 0.13964, 0.12056, 0.14702, 0.11656, 0.05160, 0.01600, 0.00093, 0.00000, 0.00000, 0.00000, 0.00000, 0.00000, 0
bruno_86, 723, 0.08612, 0.10246, 0.08686, 0.08165, 0.13957, 0.10177, 0.08494, 0.08545, 0.08520, 0.07134, 0.03924, 0.03290, 0.00250, 0.00000, 0.00000, 0.00000, 0
bruno_87, 723, 0.31101, 0.15087, 0.03513, 0.01541, 0.03685, 0.04171, 0.04088, 0.03935, 0.03806, 0.03344, 0.03184, 0.03175, 0.05606, 0.13763, 0.00000, 0.00000, 0
bruno_88, 723, 0.07652, 0.11124, 0.16608, 0.15919, 0.14806, 0.15229, 0.07230, 0.04485, 0.03417, 0.02453, 0.01077, 0.00000, 0.00000, 0.00000, 0.00000, 0.00000, 0
bruno_89, 723, 0.05234, 0.09344, 0.11713, 0.13892, 0.11965, 0.11229, 0.08814, 0.06939, 0.07838, 0.05336, 0.03699, 0.02177, 0.01222, 0.00590, 0.00008, 0.00000, 0
bruno_90, 723, 0.06180, 0.12063, 0.14952, 0.14442, 0.13619, 0.11311, 0.08816, 0.06690, 0.04846, 0.03363, 0.01949, 0.01154, 0.00546, 0.00069, 0.00000, 0.00000, 0
bruno_91, 723, 0.10012, 0.07691, 0.04401, 0.03951, 0.04305, 0.07995, 0.11793, 0.07163, 0.06665, 0.06309, 0.05800, 0.09254, 0.06214, 0.03598, 0.02888, 0.01959, 0
bruno_92, 723, 0.06034, 0.11208, 0.13882, 0.15342, 0.14561, 0.15062, 0.11624, 0.07490, 0.03717, 0.01010, 0.00072, 0.00000, 0.00000, 0.00000, 0.00000, 0.00000, 0
bruno_93, 723, 0.04433, 0.06786, 0.08941, 0.10793, 0.12657, 0.11968, 0.11367, 0.10706, 0.08275, 0.05409, 0.04152, 0.03644, 0.00868, 0.00000, 0.00000, 0.00000, 0
bruno_94, 723, 0.04247, 0.07337, 0.09254, 0.11595, 0.12208, 0.12253, 0.10325, 0.08927, 0.07562, 0.05904, 0.04133, 0.02920, 0.01839, 0.00971, 0.00415, 0.00111, 0
bruno_95, 723, 0.06032, 0.08272, 0.10154, 0.10185, 0.09070, 0.09173, 0.08298, 0.06700, 0.06344, 0.08254, 0.05385, 0.03769, 0.03267, 0.02675, 0.01595, 0.00829, 0
bruno_96, 723, 0.05014, 0.08454, 0.10836, 0.13475, 0.13911, 0.12697, 0.11838, 0.10449, 0.06318, 0.03908, 0.02777, 0.00325, 0.00000, 0.00000, 0.00000, 0.00000, 0
bruno_97, 723, 0.11366, 0.17284, 0.20817, 0.18181, 0.11835, 0.08396, 0.06381, 0.04009, 0.01524, 0.00208, 0.00000, 0.00000, 0.00000, 0.00000, 0.00000, 0.00000, 0
bruno_98, 723, 0.09080, 0.09216, 0.10313, 0.09497, 0.08426, 0.09451, 0.08244, 0.12296, 0.05764, 0.03164, 0.02684, 0.01859, 0.01611, 0.08389, 0.00004, 0.00000, 0
bruno_99, 723, 0.08295, 0.11508, 0.13708, 0.14952, 0.15953, 0.10177, 0.06334, 0.05369, 0.05352, 0.03720, 0.02612, 0.01605, 0.00415, 0.00000, 0.00000, 0.00000, 0
bruno_100, 723, 0.14415, 0.20578, 0.13695, 0.05031, 0.04333, 0.04087, 0.03911, 0.03773, 0.03646, 0.03536, 0.03022, 0.06176, 0.07926, 0.05317, 0.00557, 0.00000, 0
bruno_101, 723, 0.06586, 0.07349, 0.08001, 0.07800, 0.08254, 0.11937, 0.11856, 0.10055, 0.07651, 0.06483, 0.05296, 0.02933, 0.02085, 0.01921, 0.01176, 0.00618, 0
bruno_102, 723, 0.09637, 0.15363, 0.17041, 0.15303, 0.11169, 0.09533, 0.09755, 0.05652, 0.03691, 0.02688, 0.00166, 0.00000, 0.00000, 0.00000, 0.00000, 0.00000, 0
bruno_103, 723, 0.06123, 0.06258, 0.06984, 0.06788, 0.10232, 0.10178, 0.09041, 0.11107, 0.11242, 0.08723, 0.06354, 0.04231, 0.02460, 0.00282, 0.00000, 0.00000, 0
bruno_104, 723, 0.18671, 0.13663, 0.10949, 0.10601, 0.08433, 0.05354, 0.05088, 0.04339, 0.04192, 0.11653, 0.07056, 0.00000, 0.00000, 0.00000, 0.00000, 0.00000, 0
bruno_105, 723, 0.16315, 0.15654, 0.09768, 0.14648, 0.14564, 0.08162, 0.06445, 0.05365, 0.04338, 0.02808, 0.01632, 0.00302, 0.00000, 0.00000, 0.00000, 0.00000, 0
bruno_106, 723, 0.06077, 0.08078, 0.09555, 0.09156, 0.12008, 0.10478, 0.11821, 0.08477, 0.07784, 0.07007, 0.06431, 0.02708, 0.00402, 0.00018, 0.00000, 0.00000, 0
bruno_107, 723, 0.08441, 0.15158, 0.19068, 0.13855, 0.11996, 0.09943, 0.06960, 0.05248, 0.03344, 0.02563, 0.01766, 0.01210, 0.00445, 0.00000, 0.00000, 0.00000, 0
bruno_108, 723, 0.07344, 0.06854, 0.07069, 0.09155, 0.08959, 0.09605, 0.11571, 0.10593, 0.07852, 0.04038, 0.03414, 0.02421, 0.03044, 0.03969, 0.03603, 0.00508, 0
bruno_109, 723, 0.06243, 0.11184, 0.15039, 0.16380, 0.17024, 0.13242, 0.10310, 0.06244, 0.03079, 0.01213, 0.00042, 0.00000, 0.00000, 0.00000, 0.00000, 0.00000, 0
bruno_110, 723, 0.08468, 0.09532, 0.15472, 0.16263, 0.12206, 0.10402, 0.10350, 0.08307, 0.04429, 0.02669, 0.01470, 0.00430, 0.00000, 0.00000, 0.00000, 0.00000, 0
bruno_111, 723, 0.10286, 0.09849, 0.09660, 0.14605, 0.10002, 0.10994, 0.10552, 0.07487, 0.04469, 0.03437, 0.02867, 0.02435, 0.02302, 0.00982, 0.00074, 0.00000, 0
bruno_112, 723, 0.05271, 0.07169, 0.08018, 0.07728, 0.10011, 0.12139, 0.10599, 0.08601, 0.07241, 0.08360, 0.07218, 0.05177, 0.02124, 0.00345, 0.00000, 0.00000, 0
bruno_113, 723, 0.05496, 0.07993, 0.09784, 0.09898, 0.08739, 0.08350, 0.07761, 0.07064, 0.06169, 0.05354, 0.05937, 0.07128, 0.05295, 0.03295, 0.01302, 0.00434, 0
bruno_114, 723, 0.04681, 0.05888, 0.05723, 0.06006, 0.07955, 0.08933, 0.09327, 0.09530, 0.09376, 0.09507, 0.07080, 0.04647, 0.04016, 0.03563, 0.02152, 0.01616, 0
bruno_115, 723, 0.06703, 0.07635, 0.09278, 0.09541, 0.10164, 0.10310, 0.08460, 0.06796, 0.06366, 0.09365, 0.10334, 0.03544, 0.01321, 0.00182, 0.00000, 0.00000, 0
bruno_116, 723, 0.11826, 0.06141, 0.02995, 0.04206, 0.08929, 0.09522, 0.08599, 0.08417, 0.08946, 0.06728, 0.04638, 0.12054, 0.03820, 0.02524, 0.00656, 0.00000, 0
bruno_117, 723, 0.05903, 0.06023, 0.07111, 0.11202, 0.12018, 0.13398, 0.13127, 0.09929, 0.08544, 0.06647, 0.03940, 0.02092, 0.00066, 0.00000, 0.00000, 0.00000, 0
bruno_118, 723, 0.05107, 0.07754, 0.08928, 0.10982, 0.11050, 0.12344, 0.11350, 0.08695, 0.07704, 0.06234, 0.04352, 0.02920, 0.01520, 0.00680, 0.00332, 0.00048, 0
bruno_119, 723, 0.06856, 0.09588, 0.08756, 0.06981, 0.08613, 0.09866, 0.09142, 0.08310, 0.08447, 0.07201, 0.04725, 0.04766, 0.03429, 0.03200, 0.00119, 0.00000, 0
bruno_120, 723, 0.20085, 0.27840, 0.25489, 0.15743, 0.06002, 0.03878, 0.00962, 0.00000, 0.00000, 0.00000, 0.00000, 0.00000, 0.00000, 0.00000, 0.00000, 0.00000, 0
bruno_121, 723, 0.05998, 0.06084, 0.08602, 0.09590, 0.09789, 0.10095, 0.08695, 0.07596, 0.07100, 0.07557, 0.06759, 0.05657, 0.05590, 0.00887, 0.00000, 0.00000, 0
bruno_122, 723, 0.14171, 0.04692, 0.04871, 0.05665, 0.05937, 0.10793, 0.10321, 0.08263, 0.10949, 0.12111, 0.05523, 0.04152, 0.02171, 0.00382, 0.00000, 0.00000, 0
bruno_123, 723, 0.15617, 0.04315, 0.05907, 0.10251, 0.10601, 0.09512, 0.08159, 0.12219, 0.06693, 0.03106, 0.02760, 0.02170, 0.06222, 0.02468, 0.00000, 0.00000, 0
bruno_124, 723, 0.04556, 0.08959, 0.11295, 0.13118, 0.14629, 0.13803, 0.11456, 0.07617, 0.05633, 0.04093, 0.02513, 0.01296, 0.00659, 0.00322, 0.00051, 0.00000, 0
bruno_125, 723, 0.07575, 0.08413, 0.15618, 0.15408, 0.14974, 0.14593, 0.07643, 0.05274, 0.04130, 0.02808, 0.02555, 0.01008, 0.00000, 0.00000, 0.00000, 0.00000, 0
bruno_126, 723, 0.07041, 0.07143, 0.13064, 0.12268, 0.13140, 0.07517, 0.08359, 0.05889, 0.05009, 0.04549, 0.04054, 0.03545, 0.03095, 0.02598, 0.01718, 0.01010, 0
bruno_127, 723, 0.06046, 0.07975, 0.09473, 0.09320, 0.09909, 0.10464, 0.08794, 0.07855, 0.06839, 0.05630, 0.04823, 0.04351, 0.03608, 0.02579, 0.01606, 0.00729, 0
bruno_128, 723, 0.06317, 0.09287, 0.11239, 0.10799, 0.09959, 0.08932, 0.08295, 0.08756, 0.08702, 0.05773, 0.04641, 0.03751, 0.02004, 0.00996, 0.00484, 0.00066, 0
bruno_129, 723, 0.07437, 0.09386, 0.07860, 0.08024, 0.08349, 0.09042, 0.08871, 0.07600, 0.06073, 0.07435, 0.05739, 0.04774, 0.03088, 0.02609, 0.02145, 0.01569, 0
bruno_130, 723, 0.06192, 0.07318, 0.07015, 0.09319, 0.09843, 0.10895, 0.08312, 0.06956, 0.06385, 0.05683, 0.04251, 0.03742, 0.04908, 0.06307, 0.02470, 0.00404, 0
bruno_131, 723, 0.07155, 0.09067, 0.08798, 0.09088, 0.07741, 0.12015, 0.13949, 0.08334, 0.05793, 0.04734, 0.04232, 0.04128, 0.03391, 0.01323, 0.00252, 0.00000, 0
bruno_132, 723, 0.06767, 0.09988, 0.13674, 0.13360, 0.12782, 0.12419, 0.10007, 0.08123, 0.05294, 0.03533, 0.02154, 0.01288, 0.00543, 0.00069, 0.00000, 0.00000, 0
bruno_133, 723, 0.10826, 0.13616, 0.09011, 0.07531, 0.07459, 0.08967, 0.06386, 0.04543, 0.04229, 0.04198, 0.04346, 0.04151, 0.04109, 0.03905, 0.03136, 0.03588, 0
bruno_134, 723, 0.10037, 0.08887, 0.06743, 0.06957, 0.08228, 0.07689, 0.07908, 0.06777, 0.05599, 0.05081, 0.06024, 0.06102, 0.03705, 0.02979, 0.03237, 0.04048, 0
bruno_135, 723, 0.13810, 0.13424, 0.08545, 0.09018, 0.10421, 0.10001, 0.09973, 0.06006, 0.05305, 0.05051, 0.04794, 0.03388, 0.00262, 0.00000, 0.00000, 0.00000, 0
bruno_136, 723, 0.07687, 0.06799, 0.07184, 0.08565, 0.06301, 0.05787, 0.07134, 0.13521, 0.09112, 0.08085, 0.07595, 0.04780, 0.03149, 0.02458, 0.01725, 0.00116, 0
bruno_137, 723, 0.07583, 0.11934, 0.13770, 0.12505, 0.10583, 0.07790, 0.05158, 0.04101, 0.04503, 0.05398, 0.06182, 0.05699, 0.03305, 0.01373, 0.00115, 0.00000, 0
bruno_138, 723, 0.10836, 0.14597, 0.10600, 0.09794, 0.09461, 0.08446, 0.07509, 0.06091, 0.04218, 0.11934, 0.06151, 0.00362, 0.00000, 0.00000, 0.00000, 0.00000, 0
bruno_139, 723, 0.09595, 0.15429, 0.16284, 0.14249, 0.13901, 0.14750, 0.09893, 0.04775, 0.01075, 0.00047, 0.00000, 0.00000, 0.00000, 0.00000, 0.00000, 0.00000, 0
bruno_140, 723, 0.08582, 0.07854, 0.09034, 0.09051, 0.08351, 0.08184, 0.09167, 0.06653, 0.10072, 0.06255, 0.03170, 0.02372, 0.01526, 0.01446, 0.07946, 0.00336, 0
bruno_141, 723, 0.14729, 0.03851, 0.05589, 0.06147, 0.08262, 0.08298, 0.07134, 0.06413, 0.05303, 0.04599, 0.04290, 0.03747, 0.10152, 0.01370, 0.01370, 0.08743, 0
bruno_142, 723, 0.07762, 0.10719, 0.10688, 0.07722, 0.06366, 0.05548, 0.06352, 0.06104, 0.05214, 0.04710, 0.03884, 0.06047, 0.07937, 0.05367, 0.02971, 0.02609, 0
bruno_143, 723, 0.08253, 0.10603, 0.13194, 0.12620, 0.09487, 0.08139, 0.07134, 0.05223, 0.03984, 0.08300, 0.05117, 0.04615, 0.03255, 0.00078, 0.00000, 0.00000, 0
bruno_144, 723, 0.08113, 0.10143, 0.12394, 0.12288, 0.09694, 0.09007, 0.07096, 0.07939, 0.06150, 0.04100, 0.04206, 0.04182, 0.02620, 0.01558, 0.00509, 0.00000, 0
bruno_145, 723, 0.11402, 0.08202, 0.07765, 0.09059, 0.04588, 0.05382, 0.06113, 0.05253, 0.04820, 0.04575, 0.03875, 0.03399, 0.03200, 0.03088, 0.06936, 0.12342, 0
bruno_146, 723, 0.08842, 0.08740, 0.10363, 0.13360, 0.12553, 0.11277, 0.08486, 0.06018, 0.14915, 0.04904, 0.00541, 0.00000, 0.00000, 0.00000, 0.00000, 0.00000, 0
bruno_147, 723, 0.10135, 0.07691, 0.03400, 0.04620, 0.05633, 0.06844, 0.09797, 0.08464, 0.07616, 0.06673, 0.06545, 0.12942, 0.05409, 0.03182, 0.01047, 0.00002, 0
bruno_148, 723, 0.07611, 0.08358, 0.10795, 0.10579, 0.09481, 0.10624, 0.11223, 0.08743, 0.08156, 0.03169, 0.05457, 0.03813, 0.01992, 0.00000, 0.00000, 0.00000, 0
bruno_149, 723, 0.05846, 0.07208, 0.09691, 0.08507, 0.09472, 0.11250, 0.10374, 0.10480, 0.10121, 0.07341, 0.06402, 0.02370, 0.00886, 0.00054, 0.00000, 0.00000, 0
bruno_150, 723, 0.08147, 0.10008, 0.08660, 0.06306, 0.06844, 0.10140, 0.14491, 0.09254, 0.07375, 0.06977, 0.04638, 0.03516, 0.02480, 0.01070, 0.00092, 0.00000, 0
bruno_151, 723, 0.06379, 0.08526, 0.07885, 0.08642, 0.08410, 0.08264, 0.10540, 0.09570, 0.08155, 0.06631, 0.05247, 0.03372, 0.05318, 0.03060, 0.00000, 0.00000, 0
bruno_152, 723, 0.07903, 0.05479, 0.05058, 0.05816, 0.06262, 0.08407, 0.08844, 0.07733, 0.07946, 0.07970, 0.10722, 0.10962, 0.04922, 0.01970, 0.00007, 0.00000, 0
bruno_153, 723, 0.11500, 0.15271, 0.18033, 0.11397, 0.11754, 0.12418, 0.06987, 0.04206, 0.03094, 0.02316, 0.02070, 0.00955, 0.00000, 0.00000, 0.00000, 0.00000, 0
bruno_154, 723, 0.07978, 0.14177, 0.18188, 0.18014, 0.14964, 0.13171, 0.08601, 0.04001, 0.00905, 0.00001, 0.00000, 0.00000, 0.00000, 0.00000, 0.00000, 0.00000, 0
bruno_155, 723, 0.06328, 0.07822, 0.08340, 0.11021, 0.13298, 0.12295, 0.12708, 0.10846, 0.07569, 0.05086, 0.02874, 0.01255, 0.00509, 0.00049, 0.00000, 0.00000, 0
bruno_156, 723, 0.11503, 0.16223, 0.12830, 0.11434, 0.08632, 0.05515, 0.04124, 0.03954, 0.06108, 0.04469, 0.04031, 0.05633, 0.03881, 0.01546, 0.00119, 0.00000, 0
bruno_157, 723, 0.15750, 0.10357, 0.12515, 0.11957, 0.10112, 0.08283, 0.06746, 0.10562, 0.04171, 0.05611, 0.03839, 0.00097, 0.00000, 0.00000, 0.00000, 0.00000, 0
bruno_158, 723, 0.10604, 0.13407, 0.11658, 0.08757, 0.10826, 0.14520, 0.09380, 0.05677, 0.05295, 0.05114, 0.03806, 0.00956, 0.00000, 0.00000, 0.00000, 0.00000, 0
bruno_159, 723, 0.06807, 0.11062, 0.14266, 0.14365, 0.10413, 0.07647, 0.05880, 0.04615, 0.05888, 0.05688, 0.05188, 0.03487, 0.02901, 0.01514, 0.00281, 0.00000, 0
bruno_160, 723, 0.05340, 0.05932, 0.08406, 0.10607, 0.10765, 0.11361, 0.11508, 0.09518, 0.08059, 0.07908, 0.06496, 0.02823, 0.01054, 0.00222, 0.00002, 0.00000, 0
bruno_161, 723, 0.05261, 0.07567, 0.09165, 0.10911, 0.12967, 0.11095, 0.11826, 0.10106, 0.06839, 0.04067, 0.04910, 0.04645, 0.00641, 0.00000, 0.00000, 0.00000, 0
bruno_162, 723, 0.05037, 0.07323, 0.08645, 0.09687, 0.10696, 0.10696, 0.07976, 0.06256, 0.06508, 0.05339, 0.04690, 0.04594, 0.04359, 0.03672, 0.03169, 0.01352, 0
bruno_163, 723, 0.03674, 0.05488, 0.07211, 0.09109, 0.10232, 0.10549, 0.10922, 0.09763, 0.09585, 0.08339, 0.06248, 0.03516, 0.02949, 0.02155, 0.00259, 0.00000, 0
bruno_164, 723, 0.12323, 0.16952, 0.16242, 0.14965, 0.11048, 0.06196, 0.05409, 0.04907, 0.03958, 0.03003, 0.02374, 0.01796, 0.00818, 0.00007, 0.00000, 0.00000, 0
bruno_165, 723, 0.11897, 0.15211, 0.09713, 0.08973, 0.08059, 0.12858, 0.07943, 0.05991, 0.04570, 0.04369, 0.04270, 0.03794, 0.02154, 0.00197, 0.00000, 0.00000, 0
bruno_166, 723, 0.10672, 0.19835, 0.19179, 0.15113, 0.12925, 0.10836, 0.07690, 0.03574, 0.00176, 0.00000, 0.00000, 0.00000, 0.00000, 0.00000, 0.00000, 0.00000, 0
bruno_167, 723, 0.06657, 0.08372, 0.06232, 0.06340, 0.08008, 0.09291, 0.09183, 0.08373, 0.07743, 0.07241, 0.07471, 0.07965, 0.04298, 0.02510, 0.00318, 0.00000, 0
bruno_168, 723, 0.09531, 0.15057, 0.17516, 0.17946, 0.16083, 0.11758, 0.08988, 0.02863, 0.00258, 0.00000, 0.00000, 0.00000, 0.00000, 0.00000, 0.00000, 0.00000, 0
bruno_169, 723, 0.07580, 0.09629, 0.12290, 0.14306, 0.11681, 0.08572, 0.05074, 0.04352, 0.05999, 0.05172, 0.04036, 0.06218, 0.04861, 0.00229, 0.00000, 0.00000, 0
bruno_170, 723, 0.05938, 0.10670, 0.13821, 0.13701, 0.13030, 0.10038, 0.09035, 0.07261, 0.05784, 0.04320, 0.03204, 0.01779, 0.00987, 0.00388, 0.00044, 0.00000, 0
bruno_171, 723, 0.08001, 0.09496, 0.09138, 0.07071, 0.09458, 0.09608, 0.08982, 0.11445, 0.08088, 0.06103, 0.05315, 0.04740, 0.02556, 0.00000, 0.00000, 0.00000, 0
bruno_172, 723, 0.12166, 0.12768, 0.14463, 0.14641, 0.11167, 0.09991, 0.07229, 0.07075, 0.05028, 0.03360, 0.01810, 0.00301, 0.00000, 0.00000, 0.00000, 0.00000, 0
bruno_173, 723, 0.12345, 0.08295, 0.08274, 0.08866, 0.13711, 0.12331, 0.06334, 0.05029, 0.04690, 0.06589, 0.06092, 0.04603, 0.02413, 0.00428, 0.00000, 0.00000, 0
bruno_174, 723, 0.06534, 0.10595, 0.11161, 0.12970, 0.10508, 0.10157, 0.09491, 0.07874, 0.06853, 0.06698, 0.04006, 0.02110, 0.00926, 0.00117, 0.00000, 0.00000, 0
bruno_175, 723, 0.06464, 0.06988, 0.13425, 0.13570, 0.16961, 0.13098, 0.12022, 0.08516, 0.04899, 0.04056, 0.00000, 0.00000, 0.00000, 0.00000, 0.00000, 0.00000, 0
bruno_176, 723, 0.04828, 0.06292, 0.07146, 0.10022, 0.08721, 0.07880, 0.09299, 0.09143, 0.09147, 0.07256, 0.06198, 0.05557, 0.05299, 0.02170, 0.00967, 0.00075, 0
bruno_177, 723, 0.04184, 0.06131, 0.08063, 0.10284, 0.09788, 0.10153, 0.09693, 0.08557, 0.08735, 0.09145, 0.06878, 0.05736, 0.02157, 0.00485, 0.00011, 0.00000, 0
bruno_178, 723, 0.09479, 0.07608, 0.10223, 0.12511, 0.09796, 0.07582, 0.07149, 0.07598, 0.05975, 0.06603, 0.02724, 0.05905, 0.03090, 0.02215, 0.01521, 0.00021, 0
bruno_179, 723, 0.04660, 0.07799, 0.11403, 0.11517, 0.11308, 0.10091, 0.08488, 0.09199, 0.07155, 0.06052, 0.06067, 0.03566, 0.02106, 0.00569, 0.00018, 0.00000, 0
bruno_180, 723, 0.14779, 0.08459, 0.09367, 0.07759, 0.12491, 0.08166, 0.06930, 0.05421, 0.04818, 0.05104, 0.05720, 0.05393, 0.04081, 0.01503, 0.00010, 0.00000, 0
bruno_181, 723, 0.07038, 0.09873, 0.09011, 0.10786, 0.07600, 0.07519, 0.07206, 0.05977, 0.05006, 0.04490, 0.03565, 0.04852, 0.06664, 0.05582, 0.03034, 0.01796, 0
bruno_182, 723, 0.07521, 0.06810, 0.07066, 0.06342, 0.04982, 0.05909, 0.12015, 0.09871, 0.07530, 0.06633, 0.05739, 0.05438, 0.04619, 0.02759, 0.02192, 0.04575, 0
bruno_183, 723, 0.13441, 0.06478, 0.06405, 0.07048, 0.11134, 0.09647, 0.07687, 0.06196, 0.06206, 0.07472, 0.06334, 0.02325, 0.03204, 0.05556, 0.00869, 0.00000, 0
bruno_184, 723, 0.05381, 0.04738, 0.07143, 0.08064, 0.08412, 0.08567, 0.11939, 0.08686, 0.07703, 0.05880, 0.04576, 0.04320, 0.03115, 0.01647, 0.05288, 0.04541, 0
bruno_185, 723, 0.06720, 0.08905, 0.09148, 0.10223, 0.09829, 0.09134, 0.09076, 0.10388, 0.09411, 0.07523, 0.05605, 0.03851, 0.00188, 0.00000, 0.00000, 0.00000, 0
bruno_186, 723, 0.07398, 0.12737, 0.16778, 0.18735, 0.17371, 0.12229, 0.06980, 0.04482, 0.02341, 0.00899, 0.00049, 0.00000, 0.00000, 0.00000, 0.00000, 0.00000, 0
bruno_187, 723, 0.09519, 0.17761, 0.19396, 0.14813, 0.10160, 0.08274, 0.07297, 0.05193, 0.03729, 0.02736, 0.01080, 0.00041, 0.00000, 0.00000, 0.00000, 0.00000, 0
bruno_188, 723, 0.04064, 0.08997, 0.10831, 0.11981, 0.13001, 0.11405, 0.10488, 0.09896, 0.08575, 0.05411, 0.02997, 0.01405, 0.00651, 0.00253, 0.00044, 0.00000, 0
bruno_189, 723, 0.10511, 0.15771, 0.18559, 0.14912, 0.13208, 0.10961, 0.10177, 0.05647, 0.00254, 0.00000, 0.00000, 0.00000, 0.00000, 0.00000, 0.00000, 0.00000, 0
bruno_190, 723, 0.23574, 0.20104, 0.05469, 0.03150, 0.04511, 0.04735, 0.04495, 0.04306, 0.03786, 0.03528, 0.04870, 0.07787, 0.08041, 0.01644, 0.00000, 0.00000, 0
bruno_191, 723, 0.06335, 0.09596, 0.09973, 0.11014, 0.10687, 0.11126, 0.09324, 0.08014, 0.06292, 0.05614, 0.04654, 0.03635, 0.02044, 0.01221, 0.00464, 0.00005, 0
bruno_192, 723, 0.06014, 0.08448, 0.09397, 0.11149, 0.11830, 0.11126, 0.09024, 0.07250, 0.05092, 0.09658, 0.08601, 0.02287, 0.00124, 0.00000, 0.00000, 0.00000, 0
bruno_193, 723, 0.13257, 0.11133, 0.12014, 0.11119, 0.09300, 0.08139, 0.06708, 0.08236, 0.07676, 0.03124, 0.05547, 0.03516, 0.00231, 0.00000, 0.00000, 0.00000, 0
bruno_194, 723, 0.08943, 0.07395, 0.02560, 0.02546, 0.03597, 0.04400, 0.05252, 0.08967, 0.06926, 0.06516, 0.05846, 0.05588, 0.06637, 0.08884, 0.08005, 0.07939, 0
bruno_195, 723, 0.05958, 0.09629, 0.09893, 0.13301, 0.13341, 0.12513, 0.10865, 0.08680, 0.07639, 0.05348, 0.02744, 0.00090, 0.00000, 0.00000, 0.00000, 0.00000, 0
bruno_196, 723, 0.12398, 0.14733, 0.13146, 0.11950, 0.09601, 0.08109, 0.09820, 0.07788, 0.03280, 0.05923, 0.03204, 0.00048, 0.00000, 0.00000, 0.00000, 0.00000, 0
bruno_197, 723, 0.08418, 0.09191, 0.12902, 0.11603, 0.11368, 0.13093, 0.08923, 0.06333, 0.04199, 0.03044, 0.04730, 0.03229, 0.01951, 0.01016, 0.00000, 0.00000, 0
bruno_198, 723, 0.07654, 0.11720, 0.10593, 0.11145, 0.10620, 0.08874, 0.08206, 0.08615, 0.06781, 0.04100, 0.03405, 0.03439, 0.02847, 0.01561, 0.00442, 0.00000, 0
bruno_199, 723, 0.08818, 0.06950, 0.06264, 0.05551, 0.05158, 0.09963, 0.08649, 0.08225, 0.07609, 0.10088, 0.07441, 0.08268, 0.05309, 0.01448, 0.00258, 0.00000, 0
bruno_200, 723, 0.06139, 0.08550, 0.08238, 0.08817, 0.09458, 0.08878, 0.08371, 0.08356, 0.08833, 0.07301, 0.08482, 0.04806, 0.03280, 0.00490, 0.00000, 0.00000, 0
bruno_201, 723, 0.45893, 0.01923, 0.02234, 0.02196, 0.01441, 0.01849, 0.10565, 0.08041, 0.05254, 0.04893, 0.04758, 0.04672, 0.04612, 0.01669, 0.00000, 0.00000, 0
bruno_202, 723, 0.05972, 0.06686, 0.08623, 0.10285, 0.10926, 0.10698, 0.12072, 0.10256, 0.08952, 0.05043, 0.03946, 0.02757, 0.02245, 0.01403, 0.00137, 0.00000, 0
bruno_203, 723, 0.12619, 0.06280, 0.05777, 0.09274, 0.09218, 0.08534, 0.08396, 0.07500, 0.07864, 0.08823, 0.05130, 0.02769, 0.02329, 0.02168, 0.02102, 0.01219, 0
bruno_204, 723, 0.06437, 0.09035, 0.08183, 0.06829, 0.08535, 0.10501, 0.09664, 0.10088, 0.09382, 0.09277, 0.06254, 0.04454, 0.01245, 0.00116, 0.00000, 0.00000, 0
bruno_205, 723, 0.08839, 0.07306, 0.06405, 0.05042, 0.05682, 0.13950, 0.07610, 0.06762, 0.06444, 0.08046, 0.06968, 0.04055, 0.04214, 0.03668, 0.03033, 0.01975, 0
bruno_206, 723, 0.06978, 0.08788, 0.09803, 0.11163, 0.12404, 0.12122, 0.06756, 0.04731, 0.04359, 0.04017, 0.05483, 0.05208, 0.04005, 0.02586, 0.01360, 0.00237, 0
bruno_207, 723, 0.09227, 0.09812, 0.10866, 0.11423, 0.12302, 0.10459, 0.08661, 0.07000, 0.06403, 0.05574, 0.04273, 0.02749, 0.01146, 0.00105, 0.00000, 0.00000, 0
bruno_208, 723, 0.12768, 0.11152, 0.09326, 0.08116, 0.08811, 0.11168, 0.10631, 0.07094, 0.05327, 0.04619, 0.04337, 0.02872, 0.02024, 0.01540, 0.00214, 0.00000, 0
bruno_209, 723, 0.10521, 0.07777, 0.07460, 0.08545, 0.13544, 0.14199, 0.11191, 0.13724, 0.07138, 0.04664, 0.01238, 0.00000, 0.00000, 0.00000, 0.00000, 0.00000, 0
bruno_210, 723, 0.07864, 0.08926, 0.07778, 0.08061, 0.07807, 0.05093, 0.05541, 0.06849, 0.06839, 0.05788, 0.05234, 0.05522, 0.05229, 0.05016, 0.04568, 0.03885, 0
bruno_211, 723, 0.05132, 0.07991, 0.10610, 0.12294, 0.11153, 0.09601, 0.07805, 0.07722, 0.06677, 0.05338, 0.05824, 0.04859, 0.04067, 0.00887, 0.00039, 0.00000, 0
bruno_212, 723, 0.05237, 0.07284, 0.07345, 0.10025, 0.13084, 0.12842, 0.10446, 0.07887, 0.06715, 0.05746, 0.04424, 0.03270, 0.02453, 0.01539, 0.00961, 0.00741, 0
bruno_213, 723, 0.06941, 0.09888, 0.08974, 0.07670, 0.10624, 0.11601, 0.11295, 0.08409, 0.06851, 0.06095, 0.04210, 0.03367, 0.02575, 0.01144, 0.00352, 0.00004, 0
bruno_214, 723, 0.09432, 0.15808, 0.16221, 0.12571, 0.06791, 0.07996, 0.08439, 0.04826, 0.04118, 0.03967, 0.03577, 0.03109, 0.02252, 0.00871, 0.00021, 0.00000, 0
bruno_215, 723, 0.06044, 0.06264, 0.10137, 0.11698, 0.10878, 0.09331, 0.12054, 0.07387, 0.06382, 0.05418, 0.04323, 0.03644, 0.03169, 0.01801, 0.01013, 0.00457, 0
bruno_216, 723, 0.06793, 0.07007, 0.06860, 0.06534, 0.08126, 0.08712, 0.09016, 0.08880, 0.07524, 0.06872, 0.06087, 0.04966, 0.03759, 0.05501, 0.02849, 0.00512, 0
bruno_217, 723, 0.07655, 0.07183, 0.06368, 0.08772, 0.10559, 0.08746, 0.09574, 0.08751, 0.08711, 0.06339, 0.03869, 0.05447, 0.05370, 0.02601, 0.00056, 0.00000, 0
bruno_218, 723, 0.09403, 0.11552, 0.11926, 0.07531, 0.07527, 0.06943, 0.07523, 0.06867, 0.09111, 0.08586, 0.05662, 0.02844, 0.02388, 0.01414, 0.00649, 0.00074, 0
bruno_219, 723, 0.14402, 0.22761, 0.28999, 0.20501, 0.09596, 0.03424, 0.00317, 0.00000, 0.00000, 0.00000, 0.00000, 0.00000, 0.00000, 0.00000, 0.00000, 0.00000, 0
bruno_220, 723, 0.08498, 0.15313, 0.19792, 0.18958, 0.14956, 0.10031, 0.06463, 0.03729, 0.01663, 0.00534, 0.00063, 0.00000, 0.00000, 0.00000, 0.00000, 0.00000, 0
bruno_221, 723, 0.11257, 0.20138, 0.19287, 0.17219, 0.11140, 0.07278, 0.05388, 0.03612, 0.02295, 0.01606, 0.00779, 0.00000, 0.00000, 0.00000, 0.00000, 0.00000, 0
bruno_222, 723, 0.05718, 0.08301, 0.08696, 0.08032, 0.09794, 0.09034, 0.08520, 0.08749, 0.06765, 0.06142, 0.04878, 0.04429, 0.03882, 0.02867, 0.02205, 0.01988, 0
bruno_223, 723, 0.08101, 0.09898, 0.10716, 0.12642, 0.11996, 0.09227, 0.07126, 0.08066, 0.07546, 0.05746, 0.04752, 0.03253, 0.00930, 0.00000, 0.00000, 0.00000, 0
bruno_224, 723, 0.06064, 0.05996, 0.06934, 0.08393, 0.09234, 0.08464, 0.07897, 0.07893, 0.06559, 0.05244, 0.04434, 0.08430, 0.03791, 0.01680, 0.04863, 0.04124, 0
bruno_225, 723, 0.07362, 0.08430, 0.08986, 0.10758, 0.14441, 0.13086, 0.10473, 0.08510, 0.07898, 0.08426, 0.01629, 0.00001, 0.00000, 0.00000, 0.00000, 0.00000, 0
bruno_226, 723, 0.07344, 0.09440, 0.11496, 0.13324, 0.11311, 0.08317, 0.05436, 0.04819, 0.05918, 0.05414, 0.04955, 0.04719, 0.06088, 0.01410, 0.00009, 0.00000, 0
bruno_227, 723, 0.07598, 0.14705, 0.17005, 0.17498, 0.13571, 0.10163, 0.08050, 0.05679, 0.03481, 0.01600, 0.00575, 0.00074, 0.00000, 0.00000, 0.00000, 0.00000, 0
bruno_228, 723, 0.10781, 0.06806, 0.05106, 0.05165, 0.06223, 0.08136, 0.06303, 0.06103, 0.08178, 0.07298, 0.06555, 0.04715, 0.02942, 0.02527, 0.02085, 0.11075, 0
bruno_229, 723, 0.12296, 0.23484, 0.23558, 0.16873, 0.10397, 0.06486, 0.04260, 0.02100, 0.00544, 0.00000, 0.00000, 0.00000, 0.00000, 0.00000, 0.00000, 0.00000, 0
bruno_230, 723, 0.05602, 0.08687, 0.11968, 0.13944, 0.13888, 0.14651, 0.10386, 0.06865, 0.04765, 0.03624, 0.02934, 0.01710, 0.00955, 0.00021, 0.00000, 0.00000, 0
bruno_231, 723, 0.11176, 0.21757, 0.24738, 0.20652, 0.14262, 0.06655, 0.00761, 0.00000, 0.00000, 0.00000, 0.00000, 0.00000, 0.00000, 0.00000, 0.00000, 0.00000, 0
bruno_232, 723, 0.05261, 0.08916, 0.12090, 0.12142, 0.11380, 0.09998, 0.08407, 0.10354, 0.08360, 0.05667, 0.03998, 0.02087, 0.00930, 0.00385, 0.00025, 0.00000, 0
bruno_233, 723, 0.07350, 0.13747, 0.15029, 0.14276, 0.13655, 0.11287, 0.08734, 0.06988, 0.04649, 0.02466, 0.01402, 0.00418, 0.00000, 0.00000, 0.00000, 0.00000, 0
bruno_234, 723, 0.14964, 0.21358, 0.20216, 0.19104, 0.15467, 0.08434, 0.00456, 0.00000, 0.00000, 0.00000, 0.00000, 0.00000, 0.00000, 0.00000, 0.00000, 0.00000, 0
bruno_235, 723, 0.06252, 0.10978, 0.14021, 0.14475, 0.13722, 0.11690, 0.07485, 0.04519, 0.05017, 0.05421, 0.03563, 0.02233, 0.00617, 0.00006, 0.00000, 0.00000, 0
bruno_236, 723, 0.06946, 0.11698, 0.12650, 0.11123, 0.10126, 0.08566, 0.07685, 0.08573, 0.07374, 0.06529, 0.04060, 0.02421, 0.01368, 0.00755, 0.00126, 0.00000, 0
bruno_237, 723, 0.05392, 0.08326, 0.09686, 0.10405, 0.11048, 0.11296, 0.09839, 0.08941, 0.07242, 0.05470, 0.04483, 0.03508, 0.02495, 0.01344, 0.00481, 0.00044, 0
bruno_238, 723, 0.06281, 0.08792, 0.10487, 0.11517, 0.10300, 0.10365, 0.09748, 0.10358, 0.07236, 0.04841, 0.05013, 0.04136, 0.00925, 0.00000, 0.00000, 0.00000, 0
bruno_239, 723, 0.09817, 0.06890, 0.03801, 0.04991, 0.06578, 0.08102, 0.08142, 0.08579, 0.08009, 0.05810, 0.03974, 0.03511, 0.03224, 0.12441, 0.04120, 0.02010, 0
bruno_240, 723, 0.05765, 0.05393, 0.06768, 0.09280, 0.09154, 0.09857, 0.10149, 0.08951, 0.08835, 0.09357, 0.04758, 0.05925, 0.03054, 0.01772, 0.00839, 0.00142, 0
bruno_241, 723, 0.09069, 0.15325, 0.19689, 0.15775, 0.12044, 0.09735, 0.08080, 0.05370, 0.02760, 0.01715, 0.00439, 0.00000, 0.00000, 0.00000, 0.00000, 0.00000, 0
bruno_242, 723, 0.07392, 0.08034, 0.09200, 0.10744, 0.09659, 0.07390, 0.07155, 0.06544, 0.07414, 0.07695, 0.06346, 0.05401, 0.03102, 0.03487, 0.00436, 0.00000, 0
bruno_243, 723, 0.06418, 0.10477, 0.16375, 0.13712, 0.12785, 0.11444, 0.09693, 0.07514, 0.05285, 0.03887, 0.02105, 0.00307, 0.00000, 0.00000, 0.00000, 0.00000, 0
bruno_244, 723, 0.05255, 0.05769, 0.06988, 0.09220, 0.10211, 0.09522, 0.08771, 0.08175, 0.08951, 0.08886, 0.05099, 0.02987, 0.04452, 0.05484, 0.00229, 0.00000, 0
bruno_245, 723, 0.15441, 0.13706, 0.14351, 0.14338, 0.12223, 0.12206, 0.05683, 0.04131, 0.05595, 0.02295, 0.00031, 0.00000, 0.00000, 0.00000, 0.00000, 0.00000, 0
